function mpc = case_ieee123
%   Power flow data for IEEE 123 bus test case.
%   Please see CASEFORMAT for details on the case file format.
%
%	This testbed is distributed in the hope that it will be useful, but without any warranty.
%	We do request that publications in which this testbed is adopted, explicitly acknowledge that fact by citing:
%
%	S. Bolognani, S. Zampieri (2014)
%	"On the existence and linear approximation of the power flow solution in power distribution networks"
%	Preprint available at http://arxiv.org/abs/1403.5031

%% MATPOWER Case Format : Version 2
mpc.version = '2';

%%-----  Power Flow Data  -----%%
%% system MVA base
mpc.baseMVA = 1;

%% bus data
%	bus_i	type	Pd	Qd	Gs	Bs	area	Vm	Va	baseKV	zone	Vmax	Vmin
mpc.bus = [
	1	1	0.160	0.080	0.000	0.000	1	1	0	4.16	1	1.2	0.8	;
	2	1	0.020	0.010	0.000	0.000	1	1	0	4.16	1	1.2	0.8	;
	3	1	0.120	0.060	0.000	0.000	1	1	0	4.16	1	1.2	0.8	;
	4	1	0.100	0.050	0.000	0.000	1	1	0	4.16	1	1.2	0.8	;
	5	1	0.040	0.020	0.000	0.000	1	1	0	4.16	1	1.2	0.8	;
	6	1	0.040	0.020	0.000	0.000	1	1	0	4.16	1	1.2	0.8	;
	7	1	0.000	0.000	0.000	0.000	1	1	0	4.16	1	1.2	0.8	;
	8	1	0.020	0.010	0.000	0.000	1	1	0	4.16	1	1.2	0.8	;
	9	1	0.020	0.010	0.000	0.000	1	1	0	4.16	1	1.2	0.8	;
	10	1	0.040	0.020	0.000	0.000	1	1	0	4.16	1	1.2	0.8	;
	11	1	0.020	0.010	0.000	0.000	1	1	0	4.16	1	1.2	0.8	;
	12	1	0.040	0.020	0.000	0.000	1	1	0	4.16	1	1.2	0.8	;
	13	1	0.040	0.020	0.000	0.000	1	1	0	4.16	1	1.2	0.8	;
	14	1	0.075	0.035	0.000	0.000	1	1	0	4.16	1	1.2	0.8	;
	15	1	0.140	0.100	0.000	0.000	1	1	0	4.16	1	1.2	0.8	;
	16	1	0.075	0.035	0.000	0.000	1	1	0	4.16	1	1.2	0.8	;
	17	1	0.120	0.060	0.000	0.000	1	1	0	4.16	1	1.2	0.8	;
	18	1	0.120	0.060	0.000	0.000	1	1	0	4.16	1	1.2	0.8	;
	19	1	0.245	0.180	0.000	0.000	1	1	0	4.16	1	1.2	0.8	;
	20	1	0.040	0.020	0.000	0.000	1	1	0	4.16	1	1.2	0.8	;
	21	1	0.000	0.000	0.000	0.000	1	1	0	4.16	1	1.2	0.8	;
	22	1	0.040	0.020	0.000	0.000	1	1	0	4.16	1	1.2	0.8	;
	23	1	0.040	0.020	0.000	0.000	1	1	0	4.16	1	1.2	0.8	;
	24	1	0.060	0.030	0.000	0.000	1	1	0	4.16	1	1.2	0.8	;
	25	1	0.040	0.020	0.000	0.000	1	1	0	4.16	1	1.2	0.8	;
	26	1	0.020	0.010	0.000	0.000	1	1	0	4.16	1	1.2	0.8	;
	27	1	0.020	0.010	0.000	0.000	1	1	0	4.16	1	1.2	0.8	;
	28	1	0.080	0.040	0.000	0.000	1	1	0	4.16	1	1.2	0.8	;
	29	1	0.040	0.020	0.000	0.000	1	1	0	4.16	1	1.2	0.8	;
	30	1	0.040	0.020	0.000	0.000	1	1	0	4.16	1	1.2	0.8	;
	31	1	0.040	0.020	0.000	0.000	1	1	0	4.16	1	1.2	0.8	;
	32	1	0.040	0.020	0.000	0.000	1	1	0	4.16	1	1.2	0.8	;
	33	1	0.000	0.000	0.000	0.000	1	1	0	4.16	1	1.2	0.8	;
	34	1	0.040	0.020	0.000	0.000	1	1	0	4.16	1	1.2	0.8	;
	35	1	0.040	0.020	0.000	0.000	1	1	0	4.16	1	1.2	0.8	;
	36	1	0.040	0.020	0.000	0.000	1	1	0	4.16	1	1.2	0.8	;
	37	1	0.100	0.050	0.000	0.000	1	1	0	4.16	1	1.2	0.8	;
	38	1	0.080	0.040	0.000	0.000	1	1	0	4.16	1	1.2	0.8	;
	39	1	0.140	0.070	0.000	0.000	1	1	0	4.16	1	1.2	0.8	;
	40	1	0.080	0.040	0.000	0.000	1	1	0	4.16	1	1.2	0.8	;
	41	1	0.040	0.020	0.000	0.000	1	1	0	4.16	1	1.2	0.8	;
	42	1	0.040	0.020	0.000	0.000	1	1	0	4.16	1	1.2	0.8	;
	43	1	0.080	0.040	0.000	0.000	1	1	0	4.16	1	1.2	0.8	;
	44	1	0.040	0.020	0.000	0.000	1	1	0	4.16	1	1.2	0.8	;
	45	1	0.040	0.020	0.000	0.000	1	1	0	4.16	1	1.2	0.8	;
	46	1	0.040	0.020	0.000	0.000	1	1	0	4.16	1	1.2	0.8	;
	47	1	0.120	0.060	0.000	0.000	1	1	0	4.16	1	1.2	0.8	;
	48	1	0.020	0.010	0.000	0.000	1	1	0	4.16	1	1.2	0.8	;
	49	1	0.060	0.030	0.000	0.000	1	1	0	4.16	1	1.2	0.8	;
	50	1	0.040	0.020	0.000	0.000	1	1	0	4.16	1	1.2	0.8	;
	51	1	0.105	0.075	0.000	0.000	1	1	0	4.16	1	1.2	0.8	;
	52	1	0.210	0.150	0.000	0.000	1	1	0	4.16	1	1.2	0.8	;
	53	1	0.140	0.095	0.000	0.000	1	1	0	4.16	1	1.2	0.8	;
	54	1	0.040	0.020	0.000	0.000	1	1	0	4.16	1	1.2	0.8	;
	55	1	0.020	0.010	0.000	0.000	1	1	0	4.16	1	1.2	0.8	;
	56	3	0.000	0.000	0.000	0.000	1	1	0	4.16	1	1.2	0.8	;
];

%% generator data
%	bus	Pg	Qg	Qmax	Qmin	Vg	mBase	status	Pmax	Pmin	Pc1	Pc2	Qc1min	Qc1max	Qc2min	Qc2max	ramp_agc	ramp_10	ramp_30	ramp_q	apf
mpc.gen = [
	56	0	0	200	-200	1	1	1	200	-200	0	0	0	0	0	0	0	0	0	0	0;
];

%% branch data
%	fbus	tbus	r	x	b	rateA	rateB	rateC	ratio	angle	status	angmin	angmax
