# Created by Octave 3.6.4, Sun Feb 09 17:50:05 2014 EST <saverio@topc>
# name: w
# type: complex matrix
# rows: 114
# columns: 1
 (0.09238315881480051,-0.01012986951462273)
 (0.04621502617145595,-0.005091408000395035)
 (-4.248882309221939e-14,6.790901141338965e-15)
 (0.09271288985799707,-0.01048930057036859)
 (0.04635901959834231,-0.005239151953264212)
 (0.008560317261793177,-0.004909941050091808)
 (0.04861973807286971,-0.007482406962527803)
 (6.900424391165656e-17,-9.603850128330825e-14)
 (0.1007532190832742,-0.01903705529971776)
 (0.05050519278100397,-0.009675346710698985)
 (0.007413771134725484,-0.005035215099808124)
 (0.05029336610987184,-0.009416232257904569)
 (1.998576819099993e-14,7.271863389548821e-14)
 (2.733010212420045e-15,-6.18408783958003e-15)
 (1.178129114800881e-14,1.659733855898498e-14)
 (0.1058743766569896,-0.02595886160631838)
 (0.05286399858861202,-0.01287166970388317)
 (6.237623734360694e-15,-2.610185782286073e-14)
 (0.1075996795203487,-0.03109179641635035)
 (0.107842301131954,-0.03148507876689267)
 (-1.292514990284724e-14,-3.317751450771221e-14)
 (0.006340590853067592,-0.005244369150668362)
 (4.652169996836301e-14,3.210323076580445e-14)
 (0.1080119337019108,-0.03248672293997052)
 (2.176415868203342e-14,-6.097813437740982e-14)
 (3.916904074072897e-15,-5.566608185232392e-14)
 (7.229497274578262e-15,2.815346138446588e-16)
 (0.1077967864184641,-0.03254126800295835)
 (0.006237977914862018,-0.005281021313228202)
 (0.1078811880904135,-0.03286201775883264)
 (0.0539986747959554,-0.01647970590418667)
 (0.05405446995497708,-0.01657324153596429)
 (0.1082368255798518,-0.03343763823671733)
 (0.006785983743297012,-0.005098970359147005)
 (0.006300198610346829,-0.005257409441000028)
 (2.347954308706503e-14,2.677850222755346e-14)
 (0.006274325734559688,-0.005264077574622395)
 (0.05396101385234558,-0.0162183336274314)
 (0.05402154063057554,-0.0163188300612614)
 (-7.287055468533192e-15,3.843293894440468e-14)
 (0.05399315586962136,-0.01637699387497927)
 (0.05403398117100561,-0.01662606166112941)
 (0.006191574662939013,-0.005287492273783687)
 (6.719273046615134e-14,8.571823704793608e-14)
 (0.05417949554203416,-0.01700773715224572)
 (0.05423551349941166,-0.01710336927906451)
 (0.09422210725599303,-0.03228547591278165)
 (0.01003677466166125,-0.01192600180895228)
 (0.1886034306357904,-0.06527950707651292)
 (0.1084969919191071,-0.03486928556392895)
 (0.05425568636917708,-0.01746581763379811)
 (0.1104946002858444,-0.03249490393683108)
 (0.1129845228184428,-0.0366293854743432)
 (8.611952266450834e-14,-7.583436572121258e-14)
 (0.002808659622848122,-0.00256352476889521)
 (0.0572594427469601,-0.01975679153182999)
 (1.522744333340367e-14,4.85599631294301e-14)
 (0.05930768878792728,-0.02407992568072029)
 (0.05936504162647612,-0.02419914861790132)
 (0.06215470115276606,-0.03476660783117013)
 (-2.017470551307367e-16,4.392455552661625e-16)
 (0.003843719055686018,-0.005085410267217692)
 (0.1266924748991511,-0.07242440768457442)
 (0.2409988694852259,-0.1386058302862424)
 (0.005423780114152207,-0.01050705807945299)
 (0.2443226340298422,-0.142797640870296)
 (-5.844324758341531e-14,-4.818710328521099e-14)
 (0.06294167577726247,-0.0408628447259102)
 (0.126514044681437,-0.08405318304902924)
 (0.06347443389767342,-0.0428760242205119)
 (0.1271875498867923,-0.08672748493961503)
 (7.084069508917517e-15,-9.768140345184887e-15)
 (0.1259970755188864,-0.08628927534883761)
 (0.003164933728162693,-0.005087577651514501)
 (0.1266657541736833,-0.08901559947865585)
 (0.00638798538628792,-0.01659473208858001)
 (0.1254035861326948,-0.08988522707553681)
 (3.952212540327668e-14,-3.873793216350931e-14)
 (0.003052214417900541,-0.005116768325447765)
 (0.1252036477139084,-0.09291046016745917)
 (1.225284056510722e-14,4.666591991787121e-14)
 (0.1249799914470574,-0.09531987816725454)
 (0.06248044842239531,-0.04774337915098265)
 (0.06290815205186992,-0.04943130256993326)
 (0.126149797596109,-0.1008282988356248)
 (0.06263305914818511,-0.046639495085112)
 (0.1249359125695386,-0.09694232043773335)
 (0.1250573248817549,-0.09763236764457389)
 (-7.697669291184041e-14,-1.448022141011458e-13)
 (0.1249154683963111,-0.0993671532062412)
 (3.735764445355446e-14,8.19251275592745e-14)
 (0.1248450951049764,-0.1006251097363613)
 (1.231316012363293e-14,1.561021719912856e-14)
 (0.1247423332355954,-0.1011597186372968)
 (0.06225259424403125,-0.05022716593612818)
 (0.06228453829521537,-0.05043137695443897)
 (-3.793644142780194e-14,-1.111095512128596e-14)
 (0.1253091907017413,-0.0831083754851324)
 (0.1252873290127797,-0.08378162723051785)
 (0.003313611580250288,-0.005133784563504922)
 (5.582780780792569e-15,2.887846851805125e-14)
 (0.06290434983321537,-0.04327679164445724)
 (0.1263722972436914,-0.08888486255266181)
 (0.1269564238208784,-0.09148377163883031)
 (5.786992513553549e-15,-2.021024051601819e-15)
 (0.1256358789290798,-0.08771537373884218)
 (0.1261087936808165,-0.08978579414235195)
 (-1.562337082129694e-14,3.959228883394631e-15)
 (0.1262392262370813,-0.09133828092125389)
 (-1.083333472718258e-14,1.586909970754082e-14)
 (0.0634304151224509,-0.0470992780585431)
 (0.06337266756130409,-0.04679183497043451)
 (0.002899405161563051,-0.005039878092881448)
 (0.06356174408409816,-0.04765698288154881)


