# Created by Octave 3.6.4, Sun Feb 09 18:01:55 2014 EST <saverio@topc>
# name: y
# type: matrix
# rows: 114
# columns: 1
 0.008637262288983937
 0.002161751079454845
 1.851416426073355e-27
 0.008705705372276632
 0.002176607411308879
 9.738655273793087e-05
 0.00241986534422734
 9.223398490329676e-27
 0.01051362063012677
 0.00264438683181861
 8.03173935394245e-05
 0.002618088104596408
 5.687430645810431e-27
 4.571228722883386e-29
 4.142704683557204e-28
 0.0118832461284021
 0.002960282227742637
 7.202149316562958e-28
 0.01254439083727752
 0.01262127209839248
 1.267806968920526e-27
 6.77065001544864e-05
 3.19488599354888e-27
 0.01272196498940438
 4.192011475286179e-27
 3.114054806315115e-27
 5.234489258192718e-29
 0.01267908128538833
 6.680155457707679e-05
 0.012718262954981
 0.003187437586407834
 0.003196558057122932
 0.01283328606245284
 7.204907408775107e-05
 6.733285656013236e-05
 1.268377125128429e-27
 6.707767613500036e-05
 0.003174825361623704
 0.003184631066669252
 1.530191973305817e-27
 0.003183466809142336
 0.003196097047548265
 6.629317135207054e-05
 1.186247919010302e-26
 0.003224680860229179
 0.003234016165240912
 0.00992015745067466
 0.0002429663647560985
 0.03983266809174191
 0.01298746433123362
 0.0032487342890076
 0.01326497547419241
 0.01410721427673924
 1.316742320830138e-26
 1.44602281177566e-05
 0.003668974595324591
 2.589945049603631e-27
 0.004097244770154648
 0.004109806961144519
 0.00507192389547604
 2.336385320750038e-31
 4.063557376496693e-05
 0.02129627802453348
 0.07729203128249559
 0.0001398156602116712
 0.08008471573740221
 5.737610111115973e-27
 0.005631426628743876
 0.02307074108233024
 0.005867357211588035
 0.02369832949015643
 1.456006066104036e-28
 0.02332110207953948
 3.590025186385162e-05
 0.02396799023093243
 0.000316191490387175
 0.02380541346136102
 3.062625784696977e-27
 3.549733094914547e-05
 0.02430830700939748
 2.327840183695106e-27
 0.02470587743592678
 0.006183236687818086
 0.006400889268341477
 0.02608011727962532
 0.006098142600054241
 0.02500679574143557
 0.02517141371846602
 2.689309246023785e-26
 0.02547770538098242
 8.107320124721587e-27
 0.02571171048122535
 3.952927932341931e-28
 0.02579393837583738
 0.006398153688087349
 0.006422687492168869
 1.562626911912277e-27
 0.02260939535010312
 0.02271627587254995
 3.733576564925023e-05
 8.651333851944639e-28
 0.005829837922977306
 0.02387047630165348
 0.02448721402265214
 3.757382056907784e-29
 0.02347836086442717
 0.02396491667340354
 2.597652091708589e-28
 0.0242790238025869
 3.691894668390522e-28
 0.006241759556242407
 0.006205570813735944
 3.380692148200481e-05
 0.006311283328384623


